30,2
31,4
30,4
35,1
35,3
34,1
34,3
33,1
33,3
32,1
32,3
31,1
31,3
30,1
30,3
29,1
29,3
28,1
28,3
27,1
27,3
26,1
26,3
36,35
10,194
10,246
10,168
10,186
10,220
10,126
10,128
10,2
10,3
9,7
9,4
9,1
9,6
9,2
9,3
8,11
8,4
8,6
8,1
8,12
8,2
8,3
0,317
20,3
20,2
20,1
19,3
19,2
19,1
18,3
18,1
14,3
14,1
13,3
13,1
12,3
12,2
12,1
11,28
11,27
11,26
11,25
11,24
11,23
11,22
11,21
11,20
11,19
11,18
11,17
11,16
11,15
11,14
11,13
11,12
11,11
11,10
11,9
11,8
11,7
11,6
11,5
11,4
11,3
11,2
2,2
11,1
2,1
2,3
11,0
10,271
10,263
10,195
10,185
10,181
10,139
